88.5016055227592
29.094890826899263
30.520374012395287
36.93476609915795
84.53517662988547
35.902100519835685
74.44023841026755
73.44801808098757
63.06243156715749
11.342283915289643
27.59988393105839
7.3181068096896045
53.234176066084444
9.871852383836783
21.49426714659769
29.6590723001989
72.18870710022878
20.018927365359765
77.42331705823092
40.38937641729107
71.92255590405884
37.74439214488699
32.97180850740568
27.92539846489678
85.80149165795424
56.06971818528605
59.508501335874925
29.211563718798455
78.13166464958059
16.982069345687947
44.6005190243133
33.835322398068854
71.90511759465608
83.03242292802493
51.29262541879459
20.114905308963714
38.99696864038696
56.66644432419633
50.223539550601096
26.906181802030435
